202719601
252177965
154530131
215162868
214841295
253041020
251921456
260640691
197329296
93830430
257925319
248884068
37961414
139222915
149655340
138771951
149688054
252279274
45832109
202957538
140331433
253193479
262483955
262482056
252887336
162217485
202785989
196175015
94674261
199108529
254124238
6528635
263655215
263047165
261839476
261798479
204065025
2386945
203960914
203960841
127537280
204064868
204064908
204658727
55886475
127531945
190824033
193767656
104908913
204411026
107219238
113887120
115196180
204411091
115667335
100319951
225210590
107195032
225210603
108055389
40184664
228988486
242502865
251550541
127097023
127113936
197856197
247666472
251265495
242075879
251536700
204411099
248644380
248353725
251265271
251265358
247249283
228987720
197366896
251265500
251536737
251267028
251265414
251265476
251267048
251265341
247247956
251536998
251265281
251265507
127528127
251265261
251265309
251265412
251536661
127114141
251536679
262818198
247238593
251536925
248638676
247238807
251265307
251265401
251262923
251536707
251536952
251265337
228989781
225209672
242504261
107278644
115677940
201121651
107975641
262787489
203960672
242200601
217332235
108324598
203958134
171104261
195940874
199144320
212251398
220741858
209378834
248215260
203999095
206781406
183034117
215129611
226562217
212252157
192259825
212479761
210757803
207749479
203999080
210761027
205113157
212211925
209908633
215738858
203982877
212251743
239142056
205298840
176508941
208748014
215129312
215129265
207285065
114572662
210132074
207256868
212251999
215129353
175150254
215129516
206147748
207397535
207281745
215129627
204437685
225249714
201610324
205829661
215129641
206987457
212211917
203998915
207271258
206984985
205829900
207289508
243245471
215129592
201610378
215129358
175150267
209377538
136699272
237819237
202784251
215129303
202784158
212479746
207194970
207268453
205116826
204430928
204429541
210758473
205115266
205829906
206987459
215129375
212479743
114572377
206781415
203960964
206914169
209908200
216935800
205297523
205829904
215723322
206553980
212251749
260807322
260807619
207876075
165015382
203999042
202784240
215129617
262830165
215129479
215129650
215129351
208748025
248113986
207997494
206553941
204049817
200935495
202784229
222655805
204064846
207255107
204064755
215129437
208071217
202784196
202784141
215129524
215129560
215129548
116106095
150252282
207749486
206987830
203960952
215129302
203960697
215129393
208062183
247449409
202724634
215129440
215129629
91129745
215129246
114572652
199144679
116106183
150247761
150857989
35251478
38208053
185235526
149128429
146232045
36767996
150857577
138989666
205691936
242424871
109281355
144199447
162966789
144230422
143144978
229770132
205690661
259514222
251773322
252357193
204064371
137676921
137675299
31855083
137676203
137675369
137675537
137676428
137676504
35865497
137676419
137676513
137675321
20150585
33065672
204450798
24243874
52484184
229764828
243300456
139196211
116813643
243017139
205685551
252882714
205673512
172069313
11119985
206246426
205977423
245784317
242391973
229805444
111712435
143468129
68139092
206147399
143468298
83743179
205685450
54683588
206147376
206553302
209907468
251770063
227326580
250099753
89698759
124275744
243082353
242841242
229805345
245773668
206553965
129010866
251772917
242999577
206553450
206554056
206553261
107077858
248865886
209909083
206553308
229747995
116470301
248858613
209907945
144197460
38495219
206244672
206553272
206553432
116470590
206554060
205666051
248154660
11078812
245787203
242717741
250100139
253073394
206553412
155199093
205691354
144198306
250099921
16197757
242717078
36995833
31909260
38467919
77718785
109976728
110360088
74571640
31908911
41343279
35723131
35723368
206473684
225314670
206470218
41293717
209165308
136891407
209165145
209165158
83665733
114572449
253614911
203960851
203960840
204064916
203961147
203960916
204065056
213969881
213969882
204064746
203992149
206836167
203960707
204437406
203992328
204064320
204064369
204064447
203998899
204065053
204064488
203961125
203961026
203961169
203960975
203961052
197856522
204044482
204437759
129172465
243084656
247922159
246856779
249601277
249591076
57522629
97708090
39951047
137675541
213921058
253620976
205892589
205889379
202715453
205886057
205692600
88096885
114572403
210959895
222399161
214234034
207299029
74443873
207299276
222399232
251590785
2152895
242859748
248619617
246960313
108102585
242866154
251590836
193155919
258668703
111521985
262835627
246136752
262845891
262846146
202012916
262846190
251751008
246162959
254181075
262845989
262749764
261961817
144631305
246209066
95296908
82921009
250086235
121331576
248540527
14348102
245900784
243084989
262838603
262839280
246856167
262839195
262301764
93764811
246755238
114877982
246770166
57763788
228930728
73544502
262787502
2069457
114876967
197379419
114894597
180576324
107405220
135370586
261995759
221239902
221255334
146250691
80665479
246852873
246856195
242882260
92744455
92743919
212260370
207990670
179142419
247275270
130773904
246853057
242712795
129714951
111158140
129727779
140987470
249093147
199607003
252356056
242881295
205285722
129416808
245218785
245889367
246432064
261815158
242200678
262082309
255349730
263110063
247950409
244690356
167473816
262646337
263294035
262780647
262779574
206673684
249657975
249662613
240474641
249017750
260810317
87556401
87548845
87563213
52277277
17928527
87549360
91403505
196800922
130425293
218750573
134389899
202788110
190703156
207831478
23383685
202786108
150947006
258610145
162976249
162973658
166412645
162197629
162163898
248494132
246856721
248496686
248495222
248492481
249602001
248493276
249601462
248495488
186552167
249600827
249657398
205422991
248494625
248496424
249601697
246850985
205286057
249602668
205280846
248491779
198074821
263625495
154532215
154532335
147873788
168404037
262524753
186676376
208122526
248494657
248916220
208613149
190367084
176150593
167475454
190703501
104794757
104792902
104791896
167478124
167481417
195548070
167477772
26162099
173380362
167483500
167477366
178088896
183491790
53492237
164552469
230005869
217524778
230004864
225263759
230201510
247437307
260805654
217528573
195238171
214595306
205278683
192970180
262673016
214798971
262673273
244167141
153612232
166233431
150946988
262533668
189235633
181940296
263403786
75769663
74532664
91932472
91940010
91937597
91945133
74421745
91938807
91950879
214760217
214757478
153530111
253111307
162087391
261900853
261900461
261900631
253186947
198414835
195745514
49250760
225915740
192761524
262198965
192757872
200551129
192786153
263403811
262213883
253664020
253350227
200546939
215878052
215886021
247288733
248746103
215887031
262235674
262227178
200548604
200550020
192754653
192784272
200539150
215881061
164968515
202798804
202787474
164968086
202788159
203704047
200800257
203703280
203731026
248777924
200798631
200799084
262706662
200800067
203730958
210279841
210276664
261988228
210279181
210279892
200799123
200799409
210276967
210278452
164972793
242703693
144045034
263099604
263099547
252757905
210278948
200800397
261979067
261978851
261979142
261979001
261979037
261979157
261979084
261978823
261978931
261979052
261978932
261978937
200528988
252211869
261978801
263573701
263573578
263573593
244306095
263573693
263573576
263573516
206134891
263573936
263573581
263573515
263573803
253614654
193647601
186909064
198465853
197729017
102797694
189420388
200798638
199638230
253146662
262693032
164965404
263401984
219369225
200797942
203730972
248783003
200797882
197730935
210280121
210278015
208760933
210279196
200795801
200798618
203703583
242716498
185851073
252720992
257787201
253766925
249947528
217763386
190695872
10297936
190702768
54368341
87550755
87558163
87553574
87547798
87555421
54442572
87554029
87553797
54393657
54383631
54583105
54393665
198079078
253116073
87552652
53838886
54393642
54393674
87555783
53839583
54442551
53837553
87550859
52659820
53840242
87551805
53836822
52659824
54383608
54442554
121106476
260797947
261978845
261072979
191123281
42496586
52649564
87557157
12671823
23569151
52649551
87560124
239178180
174932071
52649547
52649555
52112865
52649533
178745135
198364422
199684319
249610710
45244396
87548184
87552969
143406068
163570490
178041627
177703218
178041921
177703021
178042439
87564818
177703463
163570578
163570579
163569552
176488082
178042430
177703051
178042489
177703395
178041869
21284912
163570657
163569558
177703256
164536069
177703356
14083682
178042421
163570619
178042482
177703093
178042194
177703412
163570467
184698105
177813776
139033619
71092007
178606776
180585063
180585865
180592620
178297848
187946670
178111489
242102470
190702979
254896486
253184152
155778757
153770931
254896847
254896507
254896890
254896832
254896768
254871792
254896992
254897050
254896904
254896809
144046174
254896526
254896794
254871744
254871760
94306870
250117849
259485900
250118468
202799211
199684298
35227126
251102827
80021389
87851756
173238278
161869519
247788323
247788699
161894761
173281156
173276282
173237581
207067802
144763130
109017703
221692672
172067531
206488185
63582317
161874320
263087695
166209502
221225764
63548262
166208944
87558397
63600586
113709695
63507919
63595377
113709643
113709632
113709617
250010817
63598759
174113468
205793001
207341537
205810478
106242035
13940547
36740931
12023133
34725666
87771852
34723602
128660837
16753510
33564005
25293276
70806893
12354438
36188812
70880515
83788044
45463834
44778879
46732905
71011303
87557001
83910574
84549047
10686361
83930047
46655824
187598558
14054194
208120165
87851737
19562427
10170131
130423003
41321260
9969307
263100423
247788646
87851730
87851659
204658871
13635619
10102128
7253439
120431463
102638291
251267032
251537022
108358268
251536923
262346337
206781402
251772966
215129295
215129445
215129477
215129541
212479704
206713368
212251981
206553948
36869362
137676509
215129534
198817566
77879001
204065101
204064409
204065506
203960862
203992378
204437733
203960845
204064542
203992243
262811657
203960855
245769955
204650196
54745696
203200763
205081143
179142316
130422290
126158085
69090355
87549039
76359080
154532108
147873300
198289547
243223165
251573204
210278471
196469884
200798555
190826135
59478772
13763748
36023947
251262713
12107818
247788420
246851142
205529304
207709582
210279490
53837414
210280335
53839813
12316293
